203 231 167 186 097 237 126 183
092 249 156 222 247 004 183 212
121 202 015 033 102 137 059 087
109 198 173 025 150 066 141 133
115 114 197 039 054 080 133 005
080 084 028 073 230 081 199 076
253 016 021 059 086 171 156 080
254 118 146 069 106 196 124 051
122 255 025 192 199 073 169 108
164 079 205 177 114 144 046 082
142 058 201 193 173 028 111 065
211 220 198 049 236 084 056 035
222 150 072 034 083 229 032 206
122 063 031 218 014 184 032 115
073 143 197 247 054 171 035 184
042 237 086 054 013 020 163 193
201 179 086 120 169 141 072 171
010 129 233 013 245 046 160 152
125 210 092 173 246 174 153 189
231 033 014 112 052 251 249 248
233 217 192 082 105 047 250 248
240 228 254 054 174 117 209 018
235 131 166 175 144 040 167 081
128 156 019 081 038 192 170 033
000 155 159 089 176 115 105 047
110 074 209 068 194 076 127 021
057 175 006 061 070 150 251 084
142 219 148 059 058 052 051 151
068 052 073 249 144 000 117 175
106 234 196 121 238 032 129 173
144 141 042 214 022 056 224 192
113 158 172 230 180 036 189 080
